Quals 1

4106
8680
19417
9956
136
214

Quals 2

6914
14631
6981
17235
131

169

Quals 3

10829
20293
18339
4115
250

106

Quals 4

9224
265
13828
13201
185

222

Quals 5

19367
12966
10100
16310
233

212

Quals 6

16460
11570
17322
19796
224

19

Quals 7

9956
13828
6914
10829
210

115

Quals 8

10100
6981
265
4106
77

115

Quals 9

19417
19367
13201
17322
216

115

Quals 10

14631
4115
16460
9224
251

243

Quals 11

20293
12966
19796
17235
168

128

Quals 12

16310
18339
8680
11570
155

249

Quals 13

13201
9956
4115
6981
252

121

Quals 14

19796
4106
19367
10829
102

235

Quals 15

17235
16310
16460
13828
178

205

Quals 16

19417
12966
11570
14631
77

271

Quals 17

8680
265
20293
17322
131

178

Quals 18

9224
10100
18339
6914
258

117

Quals 19

9956
16310
14631
19796
267

172

Quals 20

13828
6981
20293
19417
38

146

Quals 21

17322
10829
12966
9224
198

129

Quals 22

13201
16460
18339
4106
318

198

Quals 23

11570
6914
265
19367
228

185

Quals 24

17235
4115
8680
10100
125

233

Quals 25

13828
18339
14631
17322
145

150

Quals 26

4106
6914
16310
20293
126

262

Quals 27

6981
8680
12966
16460
134

215

Quals 28

19367
17235
9956
9224
202

195

Quals 29

10829
10100
11570
13201
203

230

Quals 30

4115
19796
265
19417
24

115