Quals 1

16460
7974
13625
4115
86

24

Quals 2

6426
16208
16217
10760
97

36

Quals 3

21738
21578
9225
18663
55

80

Quals 4

4106
16327
18661
18571
53

30

Quals 5

4115
16460
10760
6426
60

57

Quals 6

16217
13625
21738
9225
10

99

Quals 7

16208
18571
21578
18661
48

75

Quals 8

16327
18663
7974
4106
24

62

Quals 9

9225
16217
10760
16460
98

155

Quals 10

18571
21738
21578
4115
22

67

Quals 11

18663
16208
13625
16327
12

15

Quals 12

18661
7974
4106
6426
40

102

Quals 13

18571
21578
16460
16217
35

98

Quals 14

16327
10760
18663
13625
71

8

Quals 15

4115
9225
18661
4106
95

7

Quals 16

6426
21738
16208
7974
84

43

Quals 17

13625
10760
16327
21578
58

51

Quals 18

4115
18661
18663
16217
23

30

Quals 19

16460
4106
16208
21738
105

14

Quals 20

7974
6426
9225
18571
71

123