Quals 1
7289	7911	5424	1918	1023	1711	17	64
Quals 2
3572	5162	3234	7056	7234	7054	37	43
Quals 3
8832	6121	6581	6122	6561	7160	15	36
Quals 4
7226	2075	5152	3603	6081	7818	50	39
Quals 5
4004	8612	5086	8423	6112	3357	15	83
Quals 6
7244	5256	7160	5704	8397	6122	38	20
Quals 7
6561	7056	7226	6081	6581	1918	37	57
Quals 8
6112	7289	4004	8423	3234	7818	48	18
Quals 9
5424	5704	2075	5086	7911	3572	56	32
Quals 10
7234	5162	1711	5256	6121	5152	49	35
Quals 11
1023	3357	3603	8397	8832	7244	74	2
Quals 12
7054	3234	6581	1918	8612	2075	33	79
Quals 13
6121	6561	6081	5162	4004	8423	27	15
Quals 14
5256	8397	7056	1023	7289	7226	29	66
Quals 15
5152	8832	6112	5704	7160	7911	39	24
Quals 16
5424	6122	1711	7054	3603	5086	41	56
Quals 17
7234	7244	3572	3357	7818	8612	30	59
Quals 18
7056	2075	7160	1918	5162	6112	84	54
Quals 19
6581	1023	8397	3234	5086	6121	22	43
Quals 20
5704	6081	3357	6122	3603	5256	79	53
Quals 21
7054	8423	3572	7911	1711	7818	45	21
Quals 22
8832	7289	6561	7234	8612	7226	15	41
Quals 23
5152	5424	5086	7244	4004	3234	40	35
Quals 24
6122	3572	1918	1023	8423	5704	70	51
Quals 25
6112	8612	5256	8832	7056	5162	26	29
Quals 26
5152	7234	6561	6581	1711	3603	43	46
Quals 27
7160	8397	7289	4004	6081	7054	38	44
Quals 28
7911	7226	6121	2075	3357	7244	37	107
Quals 29
7818	6122	6581	5424	3572	5256	28	32
Quals 30
8612	8423	7289	7160	3234	5152	24	48
Quals 31
7244	6112	6081	7226	5086	8832	44	40
Quals 32
7818	8397	1918	1711	6561	5704	39	36
Quals 33
5162	7911	3603	6121	7054	3357	37	81
Quals 34
2075	7234	4004	7056	5424	1023	43	39
Quals 35
7818	7244	5086	6561	5256	1918	51	31
Quals 36
5704	7054	8832	3234	7226	8397	33	41
Quals 37
6081	1023	7234	8612	3572	7160	62	54
Quals 38
1711	5152	4004	3357	7056	6122	55	75
Quals 39
7911	6581	2075	5162	7289	6121	48	28
Quals 40
8423	5424	7234	3603	6112	8397	35	38
Quals 41
7056	7818	5704	7244	7054	8612	27	40
Quals 42
7911	4004	1023	5256	5162	6581	41	14
Quals 43
6561	3603	3234	8832	3572	1711	51	61
Quals 44
5086	1918	3357	6081	5152	7289	86	47
Quals 45
6121	8423	6122	7226	5424	6112	39	53
Quals 46
7160	1711	7054	2075	7818	5162	94	58
Quals 47
5086	1023	6561	3572	3357	5152	72	91
Quals 48
6112	5704	6121	7289	1918	7234	41	64
Quals 49
8612	6581	7056	8397	2075	8423	21	45
Quals 50
7226	6122	7244	4004	7160	3603	39	63
Quals 51
5256	6081	7911	3234	8832	5424	38	33
Quals 52
2075	6112	1023	6581	5152	5704	86	26
Quals 53
6122	7054	5162	7289	5086	7056	54	57
Quals 54
7160	7226	8423	8397	7234	7911	64	17
Quals 55
3603	1918	8832	7818	5256	4004	59	10
Quals 56
8612	3234	6081	1711	6121	7244	25	65
Quals 57
3572	6561	8397	5424	3357	5162	16	70
Quals 58
1023	7818	8832	7289	6122	2075	46	30
Quals 59
5086	5704	5256	8423	7244	7056	29	27
Quals 60
5152	3603	8612	6112	7911	6561	41	19
Quals 61
4004	7226	3572	1918	6121	5424	68	48
Quals 62
3357	1711	3234	6581	7160	7234	86	41
Quals 63
6081	8832	8423	7054	5152	1023	33	49
Quals 64
5162	5704	8612	8397	4004	5424	13	32
Quals 65
3234	1918	7911	7234	5086	6122	49	41
Quals 66
3603	7244	7289	3572	6581	6112	62	46
Quals 67
3357	5256	7226	6561	2075	7054	68	72
Quals 68
6121	7160	7818	1711	7056	6081	46	62

Quarters 1 Match 1
2075	3357	6122	3572	7234	4004	79	38
Quarters 1 Match 2
2075	3357	6122	3572	7234	4004	54	37
Quarters 2 Match 1
7160	6081	8423	5152	7054	5424	60	50
Quarters 2 Match 2
7160	6081	8423	5152	7054	5424	48	61
Quarters 2 Match 3
7160	6081	8423	5152	7054	5424	48	61
Quarters 3 Match 1
1023	1918	8612	7226	6112	7289	48	34
Quarters 3 Match 2
1023	1918	8612	7226	6112	7289	73	48
Quarters 4 Match 1
5086	1711	6121	7244	3603	7056	32	44
Quarters 4 Match 2
5086	1711	6121	7244	3603	7056	39	56
Semifinals
Semis 1 Match 1
2075	3357	6122	5152	7054	5424	109	44
Semis 1 Match 2
2075	3357	6122	5152	7054	5424	1	0
Semis 2 Match 1
1023	1918	8612	7244	3603	7056	56	42
Semis 2 Match 2
1023	1918	8612	7244	3603	7056	53	46
Finals
Finals 1
2075	3357	6122	1023	1918	8612	56	56
Finals 2
2075	3357	6122	1023	1918	8612	79	51
Finals 3
2075	3357	6122	1023	1918	8612	85	69